problem,run,target_FE,actual_FE,gen,figure_file
DASCMOP1_BC,3,10000,10060,45,/Users/lanai/Code/Matlab/PlatEMO/PlatEMO/Data/CBS_CGAN/boundary_quality_20260622_011046/DASCMOP1_BC_run3/figures/DASCMOP1_BC_run3_targetFE010000.png
DASCMOP1_BC,3,30000,30080,136,/Users/lanai/Code/Matlab/PlatEMO/PlatEMO/Data/CBS_CGAN/boundary_quality_20260622_011046/DASCMOP1_BC_run3/figures/DASCMOP1_BC_run3_targetFE030000.png
DASCMOP1_BC,3,50000,50100,227,/Users/lanai/Code/Matlab/PlatEMO/PlatEMO/Data/CBS_CGAN/boundary_quality_20260622_011046/DASCMOP1_BC_run3/figures/DASCMOP1_BC_run3_targetFE050000.png
DASCMOP1_BC,3,70000,70120,318,/Users/lanai/Code/Matlab/PlatEMO/PlatEMO/Data/CBS_CGAN/boundary_quality_20260622_011046/DASCMOP1_BC_run3/figures/DASCMOP1_BC_run3_targetFE070000.png
DASCMOP1_BC,3,100000,100040,454,/Users/lanai/Code/Matlab/PlatEMO/PlatEMO/Data/CBS_CGAN/boundary_quality_20260622_011046/DASCMOP1_BC_run3/figures/DASCMOP1_BC_run3_targetFE100000.png
