problem,run,target_FE,actual_FE,gen,figure_file
LIRCMOP8_BC,1,10000,10036,45,/Users/lanai/Code/Matlab/PlatEMO/PlatEMO/Data/CBS_CGAN/boundary_quality_refdir_runs1_20260622_120345/LIRCMOP8_BC_run1/figures/LIRCMOP8_BC_run1_targetFE010000.png
LIRCMOP8_BC,1,30000,30056,136,/Users/lanai/Code/Matlab/PlatEMO/PlatEMO/Data/CBS_CGAN/boundary_quality_refdir_runs1_20260622_120345/LIRCMOP8_BC_run1/figures/LIRCMOP8_BC_run1_targetFE030000.png
LIRCMOP8_BC,1,50000,50076,227,/Users/lanai/Code/Matlab/PlatEMO/PlatEMO/Data/CBS_CGAN/boundary_quality_refdir_runs1_20260622_120345/LIRCMOP8_BC_run1/figures/LIRCMOP8_BC_run1_targetFE050000.png
LIRCMOP8_BC,1,70000,70096,318,/Users/lanai/Code/Matlab/PlatEMO/PlatEMO/Data/CBS_CGAN/boundary_quality_refdir_runs1_20260622_120345/LIRCMOP8_BC_run1/figures/LIRCMOP8_BC_run1_targetFE070000.png
LIRCMOP8_BC,1,100000,100016,454,/Users/lanai/Code/Matlab/PlatEMO/PlatEMO/Data/CBS_CGAN/boundary_quality_refdir_runs1_20260622_120345/LIRCMOP8_BC_run1/figures/LIRCMOP8_BC_run1_targetFE100000.png
